457
113
113
265
161
108
136
293
623
623
148
148
148
728
121
574
113
113
143
144
685
602
136
139
152
175
175
772
766
105
104
574
296
111
111
111
109
179
274
52
53
50
53
123
136
121
189
151
136
151
20
310
223
237
218
196
237
196
237
574
347
196
237
196
237
196
237
141
257
215
127
127
123
121
20
192
192
154
30
444
30
388
442
443
574
442
87
87
253
113
253
113
253
104
253
104
481
256
127
127
123
121
111
20
56
532
56
542
56
56
416
56
305
376
417
388
296
375
417
296
416
574
207
87
87
104
104
140
114
91
256
127
127
123
48
121
145
141
129
485
146
483
144
228
228
388
213
284
273
104
255
104
236
40
114
256
120
215
115
115
115
123
390
211
121
129
405
240
143
147
441
373
388
373
251
11